

TC1

Mean: 241.91228070175438
Median: 239.0
Mode: [393.0, 170.0]
Variance: 21086.305588532734
SD: 145.21124470416447
Time: 3.033068895339966


TC2

Mean: 250.7840161861406
Median: 247.0
Mode: [230.0]
Variance: 20785.369132479253
SD: 144.17131868884064
Time: 3.0577280521392822


TC3

Mean: 249.77621989860583
Median: 249.0
Mode: [94.0]
Variance: 21117.277473163307
SD: 145.3178498091797
Time: 2.827401876449585


TC4

Mean: 149.00267347908746
Median: 147.75
Mode: [123.75]
Variance: 17007.92084301886
SD: 130.41441961308902
Time: 2.5749351978302
